Label:		a_0-1
Pos. angle:	 91
Heading:	 3
Range:		 8618
Reading matrix: 
496 	0 	0 	660
192 	0 	0 	185
0 	0 	0 	1031
0 	0 	0 	1387
1387 	0 	1328 	1578
720 	0 	990 	1546
0 	0 	0 	766
0 	0 	0 	298
0 	0 	0 	1154
----------------------------
Label:		a_0-2
Pos. angle:	 92
Heading:	 2
Range:		 8688
Reading matrix: 
444 	0 	0 	668
238 	0 	0 	179
0 	0 	0 	1037
0 	0 	0 	1380
1361 	0 	1341 	1572
699 	0 	985 	1545
0 	0 	0 	752
0 	0 	0 	384
0 	0 	0 	1162
----------------------------
Label:		a_0-3
Pos. angle:	 92
Heading:	 2
Range:		 8705
Reading matrix: 
529 	0 	0 	733
198 	0 	0 	133
0 	0 	0 	972
0 	0 	0 	1374
1354 	0 	1348 	1573
648 	0 	958 	1539
0 	0 	0 	779
0 	0 	0 	469
0 	0 	0 	1123
----------------------------
Label:		a_0-40
Pos. angle:	 93
Heading:	 1
Range:		 8429
Reading matrix: 
489 	0 	0 	615
119 	0 	0 	0
0 	0 	0 	1051
0 	0 	0 	1387
1348 	0 	1336 	1580
674 	0 	1005 	1538
0 	0 	0 	806
0 	0 	0 	338
0 	0 	0 	1110
----------------------------
Label:		a_0-5
Pos. angle:	 92
Heading:	 2
Range:		 8513
Reading matrix: 
516 	0 	0 	673
87 	0 	0 	80
0 	0 	0 	965
0 	0 	0 	1394
1341 	0 	1295 	1573
681 	0 	992 	1547
0 	0 	0 	734
0 	0 	0 	397
0 	0 	0 	1144
----------------------------
Label:		a_0-6
Pos. angle:	 92
Heading:	 1
Range:		 8446
Reading matrix: 
529 	0 	0 	674
88 	0 	0 	93
0 	0 	0 	1005
0 	0 	0 	1394
1349 	74 	1328 	1573
621 	0 	1024 	1539
0 	0 	0 	740
0 	0 	0 	377
0 	0 	0 	1122
----------------------------
Label:		a_0-7
Pos. angle:	 91
Heading:	 10
Range:		 8556
Reading matrix: 
548 	0 	0 	647
159 	0 	0 	152
0 	0 	0 	978
0 	0 	0 	1401
2533 	126 	1361 	1573
720 	0 	1030 	1546
0 	0 	0 	753
0 	0 	0 	370
0 	0 	0 	1117
----------------------------
Label:		a_0-8
Pos. angle:	 91
Heading:	 2
Range:		 8670
Reading matrix: 
522 	0 	0 	681
172 	0 	0 	198
0 	0 	0 	1031
0 	0 	0 	1387
1361 	67 	1334 	1573
701 	0 	1024 	1540
0 	0 	0 	779
0 	0 	0 	403
0 	0 	0 	1136
----------------------------
Label:		a_0-9
Pos. angle:	 92
Heading:	 2
Range:		 8360
Reading matrix: 
489 	0 	0 	667
232 	0 	0 	0
0 	0 	0 	1032
0 	0 	0 	1381
1394 	80 	1356 	1573
627 	0 	1018 	1539
0 	0 	0 	740
0 	0 	0 	371
0 	0 	0 	1129
----------------------------
Label:		a_0-10
Pos. angle:	 92
Heading:	 2
Range:		 8508
Reading matrix: 
502 	0 	0 	648
146 	0 	0 	165
0 	0 	0 	992
0 	0 	0 	1394
1388 	73 	1336 	1573
746 	0 	1017 	1540
0 	0 	0 	753
0 	0 	0 	396
0 	0 	0 	1110
----------------------------
Label:		a_1-1
Pos. angle:	 99
Heading:	 2
Range:		 8806
Reading matrix: 
184 	0 	0 	376
0 	0 	0 	562
0 	0 	0 	647
0 	0 	0 	1209
906 	0 	522 	1527
1355 	95 	1368 	1572
0 	0 	186 	1461
0 	0 	0 	1038
0 	0 	0 	502
----------------------------
Label:		a_1-2
Pos. angle:	 100
Heading:	 2
Range:		 9082
Reading matrix: 
113 	0 	0 	325
0 	0 	0 	667
0 	0 	0 	647
0 	0 	0 	1183
912 	0 	430 	1533
1341 	0 	1387 	1574
0 	0 	146 	1453
0 	0 	0 	1084
0 	0 	0 	608
----------------------------
Label:		a_1-3
Pos. angle:	 99
Heading:	 3
Range:		 8738
Reading matrix: 
134 	0 	0 	350
0 	0 	0 	569
0 	0 	0 	702
0 	0 	0 	1176
885 	0 	443 	1533
1354 	80 	1343 	1573
0 	0 	67 	1447
0 	0 	0 	1031
0 	0 	0 	422
----------------------------
Label:		a_1-4
Pos. angle:	 103
Heading:	 0
Range:		 5701
Reading matrix: 
0 	0 	0 	0
0 	0 	0 	86
0 	0 	0 	107
0 	0 	0 	780
179 	0 	75 	1507
1137 	0 	1204 	1567
0 	0 	0 	1355
0 	0 	0 	299
0 	0 	0 	0
----------------------------
Label:		a_1-5
Pos. angle:	 99
Heading:	 2
Range:		 8746
Reading matrix: 
153 	0 	0 	337
0 	0 	0 	510
0 	0 	0 	740
0 	0 	0 	1177
879 	0 	510 	1520
1348 	87 	1374 	1573
0 	0 	94 	1453
0 	0 	0 	952
0 	0 	0 	562
----------------------------
Label:		a_1-6
Pos. angle:	 104
Heading:	 1
Range:		 5920
Reading matrix: 
0 	0 	0 	0
0 	0 	0 	113
0 	0 	0 	153
0 	0 	0 	748
225 	0 	0 	1528
1143 	0 	1263 	1580
0 	0 	0 	1381
0 	0 	0 	417
0 	0 	0 	0
----------------------------
Label:		a_1-7
Pos. angle:	 100
Heading:	 -2
Range:		 8975
Reading matrix: 
258 	0 	0 	390
120 	0 	0 	574
0 	0 	0 	688
0 	0 	0 	1175
806 	0 	384 	1526
1348 	0 	1362 	1579
0 	0 	1103 	1467
0 	0 	0 	1069
0 	0 	0 	502
----------------------------
Label:		a_1-8
Pos. angle:	 98
Heading:	 3
Range:		 9025
Reading matrix: 
192 	0 	0 	436
114 	0 	0 	634
0 	0 	0 	653
0 	0 	0 	1189
932 	0 	503 	1533
1361 	0 	1356 	1573
0 	0 	133 	1460
0 	0 	0 	1090
0 	0 	0 	437
----------------------------
Label:		a_1-9
Pos. angle:	 97
Heading:	 4
Range:		 9209
Reading matrix: 
251 	0 	0 	449
165 	0 	0 	706
0 	0 	0 	622
0 	0 	0 	1209
846 	0 	477 	1519
1368 	0 	1356 	1572
0 	0 	87 	1460
0 	0 	0 	1083
0 	0 	0 	562
----------------------------
Label:		a_1-10
Pos. angle:	 98
Heading:	 4
Range:		 9089
Reading matrix: 
259 	0 	0 	364
121 	0 	0 	595
0 	0 	0 	681
0 	0 	0 	1169
845 	0 	523 	1526
1367 	0 	1329 	1579
0 	0 	80 	1460
0 	0 	0 	1084
0 	0 	0 	608
----------------------------
Label:		a_2-1
Pos. angle:	 113
Heading:	 -2
Range:		 7969
Reading matrix: 
0 	0 	0 	266
0 	0 	0 	596
0 	0 	0 	0
0 	0 	0 	523
0 	0 	0 	1241
1228 	0 	1255 	1572
800 	0 	1149 	1553
0 	0 	0 	1274
0 	0 	0 	936
----------------------------
Label:		a_2-2
Pos. angle:	 113
Heading:	 -2
Range:		 7876
Reading matrix: 
0 	0 	0 	225
0 	0 	0 	621
0 	0 	0 	0
0 	0 	0 	502
0 	0 	0 	1215
1216 	0 	1275 	1572
805 	0 	1144 	1552
0 	0 	0 	1248
0 	0 	0 	931
----------------------------
Label:		a_2-3
Pos. angle:	 113
Heading:	 -3
Range:		 7890
Reading matrix: 
0 	0 	0 	369
0 	0 	0 	555
0 	0 	0 	0
0 	0 	0 	450
0 	0 	0 	1236
1203 	67 	1242 	1566
774 	0 	1170 	1552
0 	0 	0 	1281
0 	0 	0 	937
----------------------------
Label:		a_2-4
Pos. angle:	 112
Heading:	 -2
Range:		 8114
Reading matrix: 
0 	0 	0 	291
0 	0 	0 	633
0 	0 	0 	106
0 	0 	0 	569
0 	0 	0 	1222
1236 	0 	1262 	1573
799 	0 	1137 	1559
0 	0 	0 	1242
0 	0 	0 	911
----------------------------
Label:		a_2-5
Pos. angle:	 113
Heading:	 -2
Range:		 7896
Reading matrix: 
0 	0 	0 	225
0 	0 	0 	679
0 	0 	0 	0
0 	0 	0 	463
0 	0 	0 	1201
1190 	0 	1268 	1573
839 	0 	1156 	1546
0 	0 	0 	1255
0 	0 	0 	945
----------------------------
Label:		a_2-6
Pos. angle:	 112
Heading:	 -2
Range:		 7934
Reading matrix: 
0 	0 	0 	298
0 	0 	0 	667
0 	0 	0 	0
0 	0 	0 	522
0 	0 	0 	1216
1249 	74 	1268 	1572
791 	0 	1136 	1558
0 	0 	0 	1249
0 	0 	0 	918
----------------------------
Label:		a_2-7
Pos. angle:	 113
Heading:	 -2
Range:		 7870
Reading matrix: 
0 	0 	0 	272
0 	0 	0 	589
0 	0 	0 	0
0 	0 	0 	463
0 	0 	0 	1181
1241 	0 	1256 	1573
753 	0 	1105 	1552
0 	0 	0 	1267
0 	0 	0 	965
----------------------------
Label:		a_2-8
Pos. angle:	 113
Heading:	 -2
Range:		 7904
Reading matrix: 
0 	0 	0 	199
0 	0 	0 	674
0 	0 	0 	0
0 	0 	0 	547
0 	0 	0 	1201
1248 	0 	1248 	1572
806 	0 	1176 	1545
0 	0 	0 	1241
0 	0 	0 	917
----------------------------
Label:		a_2-9
Pos. angle:	 113
Heading:	 -2
Range:		 7897
Reading matrix: 
0 	0 	0 	311
0 	0 	0 	561
0 	0 	0 	0
0 	0 	0 	541
0 	0 	0 	1202
1235 	0 	1294 	1572
932 	0 	1150 	1552
0 	0 	0 	1262
0 	0 	0 	892
----------------------------
Label:		a_2-10
Pos. angle:	 113
Heading:	 -3
Range:		 7769
Reading matrix: 
0 	0 	0 	285
0 	0 	0 	575
0 	0 	0 	0
0 	0 	0 	476
0 	0 	0 	1214
1241 	94 	1268 	1571
792 	0 	1196 	1545
0 	0 	0 	1268
0 	0 	0 	918
----------------------------
Label:		a_3-1
Pos. angle:	 119
Heading:	 0
Range:		 7851
Reading matrix: 
0 	0 	0 	159
0 	0 	0 	139
0 	0 	0 	588
0 	0 	0 	198
0 	0 	0 	1268
284 	0 	0 	1472
1327 	73 	1466 	1579
0 	0 	55 	1333
0 	0 	0 	1188
----------------------------
Label:		a_3-2
Pos. angle:	 117
Heading:	 0
Range:		 8094
Reading matrix: 
0 	0 	0 	239
0 	0 	0 	205
0 	0 	0 	619
0 	0 	0 	324
0 	0 	0 	1294
218 	0 	61 	1466
1371 	126 	1459 	1578
0 	0 	0 	1346
0 	0 	0 	1149
----------------------------
Label:		a_3-3
Pos. angle:	 118
Heading:	 0
Range:		 7977
Reading matrix: 
0 	0 	0 	219
0 	0 	0 	159
0 	0 	0 	602
0 	0 	0 	271
0 	0 	0 	1267
284 	0 	61 	1453
1347 	73 	1459 	1578
0 	0 	146 	1333
0 	0 	0 	1168
----------------------------
Label:		a_3-4
Pos. angle:	 117
Heading:	 0
Range:		 8121
Reading matrix: 
0 	0 	0 	337
0 	0 	0 	119
0 	0 	0 	654
0 	0 	0 	272
0 	0 	0 	1267
224 	0 	0 	1466
1339 	80 	1479 	1578
0 	0 	74 	1340
0 	0 	55 	1168
----------------------------
Label:		a_3-5
Pos. angle:	 117
Heading:	 0
Range:		 8120
Reading matrix: 
0 	0 	0 	238
0 	0 	0 	173
0 	0 	0 	614
0 	0 	0 	331
0 	0 	0 	1240
252 	0 	54 	1452
1333 	0 	1459 	1571
0 	0 	0 	1333
0 	0 	0 	1168
----------------------------
Label:		a_3-6
Pos. angle:	 117
Heading:	 1
Range:		 8022
Reading matrix: 
0 	0 	0 	212
0 	0 	0 	186
0 	0 	0 	594
0 	0 	0 	344
0 	0 	0 	1273
356 	0 	0 	1458
1352 	126 	1465 	1573
0 	0 	81 	1346
0 	0 	0 	1161
----------------------------
Label:		a_3-7
Pos. angle:	 119
Heading:	 -8
Range:		 8216
Reading matrix: 
0 	0 	0 	304
0 	0 	0 	205
0 	0 	0 	633
0 	0 	0 	296
0 	0 	0 	1274
94 	0 	75 	1445
1351 	94 	1459 	1571
0 	0 	1166 	1338
0 	0 	0 	1148
----------------------------
Label:		a_3-8
Pos. angle:	 118
Heading:	 0
Range:		 8000
Reading matrix: 
0 	0 	0 	258
0 	0 	0 	114
0 	0 	0 	548
0 	0 	0 	338
0 	0 	0 	1286
205 	0 	87 	1439
1332 	73 	1466 	1571
0 	0 	0 	1345
0 	0 	0 	1174
----------------------------
Label:		a_3-9
Pos. angle:	 117
Heading:	 0
Range:		 7971
Reading matrix: 
0 	0 	0 	224
0 	0 	0 	134
0 	0 	0 	634
0 	0 	0 	302
0 	0 	0 	1287
304 	0 	81 	1452
1339 	107 	1472 	1571
0 	0 	0 	1306
0 	0 	0 	1168
----------------------------
Label:		a_3-10
Pos. angle:	 118
Heading:	 0
Range:		 7890
Reading matrix: 
0 	0 	0 	285
0 	0 	0 	126
0 	0 	0 	580
0 	0 	0 	226
0 	0 	0 	1267
185 	0 	0 	1459
1353 	100 	1459 	1578
0 	0 	82 	1320
0 	0 	0 	1149
----------------------------
Label:		a_4-1
Pos. angle:	 131
Heading:	 -11
Range:		 7445
Reading matrix: 
0 	0 	0 	277
0 	0 	0 	0
0 	0 	0 	363
0 	0 	0 	0
0 	0 	0 	944
0 	0 	0 	1269
1202 	0 	1354 	1573
1228 	0 	1439 	1572
0 	0 	1141 	1294
----------------------------
Label:		a_4-2
Pos. angle:	 129
Heading:	 -3
Range:		 7131
Reading matrix: 
0 	0 	0 	291
0 	0 	0 	0
0 	0 	0 	258
0 	0 	0 	0
0 	0 	0 	891
0 	0 	0 	1262
1229 	0 	1360 	1571
1223 	0 	1447 	1579
0 	0 	67 	1267
----------------------------
Label:		a_4-3
Pos. angle:	 129
Heading:	 -3
Range:		 7103
Reading matrix: 
0 	0 	0 	198
0 	0 	0 	0
0 	0 	0 	298
0 	0 	0 	0
0 	0 	0 	904
0 	0 	0 	1280
1213 	0 	1347 	1566
1227 	0 	1452 	1571
0 	0 	61 	1274
----------------------------
Label:		a_4-4
Pos. angle:	 129
Heading:	 -3
Range:		 7132
Reading matrix: 
0 	0 	0 	266
0 	0 	0 	0
0 	0 	0 	258
0 	0 	0 	0
0 	0 	0 	938
0 	0 	0 	1242
1195 	0 	1347 	1565
1208 	0 	1460 	1572
0 	0 	0 	1280
----------------------------
Label:		a_4-5
Pos. angle:	 129
Heading:	 -3
Range:		 7068
Reading matrix: 
0 	0 	0 	245
0 	0 	0 	0
0 	0 	0 	245
0 	0 	0 	0
0 	0 	0 	911
0 	0 	0 	1242
1189 	0 	1361 	1565
1255 	0 	1448 	1572
0 	0 	75 	1275
----------------------------
Label:		a_4-6
Pos. angle:	 129
Heading:	 -3
Range:		 7151
Reading matrix: 
0 	0 	0 	258
0 	0 	0 	0
0 	0 	0 	292
0 	0 	0 	0
0 	0 	0 	925
0 	0 	0 	1235
1201 	0 	1368 	1573
1222 	0 	1455 	1572
0 	0 	75 	1281
----------------------------
Label:		a_4-7
Pos. angle:	 129
Heading:	 -2
Range:		 7152
Reading matrix: 
0 	0 	0 	258
0 	0 	0 	0
0 	0 	0 	291
0 	0 	0 	0
0 	0 	0 	891
0 	0 	0 	1268
1222 	0 	1341 	1571
1222 	0 	1461 	1578
0 	0 	0 	1287
----------------------------
Label:		a_4-8
Pos. angle:	 129
Heading:	 -2
Range:		 7206
Reading matrix: 
0 	0 	0 	263
0 	0 	0 	0
0 	0 	0 	318
0 	0 	0 	0
0 	0 	0 	939
0 	0 	0 	1249
1202 	0 	1348 	1564
1255 	0 	1448 	1572
0 	0 	0 	1294
----------------------------
Label:		a_4-9
Pos. angle:	 129
Heading:	 -3
Range:		 7047
Reading matrix: 
0 	0 	0 	179
0 	0 	0 	0
0 	0 	0 	298
0 	0 	0 	0
0 	0 	0 	918
0 	0 	0 	1216
1208 	0 	1347 	1566
1223 	0 	1454 	1573
0 	0 	0 	1288
----------------------------
Label:		a_4-10
Pos. angle:	 128
Heading:	 -2
Range:		 7225
Reading matrix: 
0 	0 	0 	225
0 	0 	0 	0
0 	0 	0 	357
0 	0 	0 	0
0 	0 	0 	944
0 	0 	0 	1301
1248 	0 	1341 	1566
1216 	0 	1434 	1571
0 	0 	0 	1255
----------------------------
Label:		a_5-1
Pos. angle:	 144
Heading:	 1
Range:		 5645
Reading matrix: 
0 	0 	0 	153
0 	0 	0 	0
0 	0 	0 	0
0 	0 	0 	0
0 	0 	0 	0
0 	0 	0 	904
62 	0 	0 	1446
1348 	0 	1190 	1574
1183 	0 	1222 	1566
----------------------------
Label:		a_5-2
Pos. angle:	 144
Heading:	 5
Range:		 5694
Reading matrix: 
0 	0 	0 	159
0 	0 	0 	0
0 	0 	0 	0
0 	0 	0 	0
0 	0 	0 	0
0 	0 	0 	911
389 	0 	0 	1453
1347 	0 	1203 	1574
1222 	0 	1216 	1572
----------------------------
Label:		a_5-3
Pos. angle:	 144
Heading:	 6
Range:		 5520
Reading matrix: 
0 	0 	0 	0
0 	0 	0 	0
0 	0 	0 	0
0 	0 	0 	0
0 	0 	0 	0
0 	0 	0 	912
457 	0 	0 	1434
1367 	0 	1197 	1573
1203 	0 	1216 	1567
----------------------------
Label:		a_5-4
Pos. angle:	 144
Heading:	 5
Range:		 5640
Reading matrix: 
0 	0 	0 	120
0 	0 	0 	0
0 	0 	0 	0
0 	0 	0 	0
0 	0 	0 	0
0 	0 	0 	899
423 	0 	0 	1461
1341 	0 	1217 	1573
1163 	0 	1216 	1566
----------------------------
Label:		a_5-5
Pos. angle:	 144
Heading:	 5
Range:		 5569
Reading matrix: 
0 	0 	0 	146
0 	0 	0 	0
0 	0 	0 	0
0 	0 	0 	0
0 	0 	0 	0
0 	0 	0 	806
383 	0 	0 	1446
1348 	0 	1163 	1573
1164 	0 	1203 	1573
----------------------------
Label:		a_5-6
Pos. angle:	 143
Heading:	 6
Range:		 5696
Reading matrix: 
0 	0 	0 	178
0 	0 	0 	0
0 	0 	0 	0
0 	0 	0 	0
0 	0 	0 	0
0 	0 	0 	905
409 	0 	0 	1447
1368 	0 	1183 	1575
1190 	0 	1184 	1560
----------------------------
Label:		a_5-7
Pos. angle:	 144
Heading:	 5
Range:		 5642
Reading matrix: 
0 	0 	0 	138
0 	0 	0 	0
0 	0 	0 	0
0 	0 	0 	0
0 	0 	0 	0
0 	0 	0 	886
430 	0 	0 	1454
1341 	0 	1203 	1573
1183 	0 	1222 	1567
----------------------------
Label:		a_5-8
Pos. angle:	 144
Heading:	 6
Range:		 5635
Reading matrix: 
0 	0 	0 	106
0 	0 	0 	0
0 	0 	0 	0
0 	0 	0 	0
0 	0 	0 	0
0 	0 	0 	910
463 	0 	0 	1447
1347 	0 	1183 	1574
1170 	0 	1204 	1567
----------------------------
Label:		a_5-9
Pos. angle:	 144
Heading:	 5
Range:		 5509
Reading matrix: 
0 	0 	0 	0
0 	0 	0 	0
0 	0 	0 	0
0 	0 	0 	0
0 	0 	0 	0
0 	0 	0 	911
410 	0 	0 	1440
1334 	0 	1184 	1573
1196 	0 	1230 	1560
----------------------------
Label:		a_5-10
Pos. angle:	 143
Heading:	 6
Range:		 5764
Reading matrix: 
0 	0 	0 	192
0 	0 	0 	0
0 	0 	0 	0
0 	0 	0 	0
0 	0 	0 	0
0 	0 	0 	939
431 	0 	0 	1460
1361 	0 	1177 	1574
1203 	0 	1211 	1567
----------------------------
Label:		a_6-1
Pos. angle:	 150
Heading:	 -1
Range:		 3748
Reading matrix: 
0 	0 	0 	152
0 	0 	0 	0
0 	0 	0 	0
0 	0 	0 	0
0 	0 	0 	534
0 	0 	0 	0
0 	0 	0 	285
0 	0 	0 	1203
1301 	0 	1368 	1574
----------------------------
Label:		a_6-2
Pos. angle:	 150
Heading:	 -1
Range:		 3748
Reading matrix: 
0 	0 	0 	152
0 	0 	0 	0
0 	0 	0 	0
0 	0 	0 	0
0 	0 	0 	534
0 	0 	0 	0
0 	0 	0 	285
0 	0 	0 	1203
1301 	0 	1368 	1574
----------------------------
Label:		a_6-3
Pos. angle:	 151
Heading:	 0
Range:		 3681
Reading matrix: 
0 	0 	0 	204
0 	0 	0 	0
0 	0 	0 	0
0 	0 	0 	0
0 	0 	0 	337
0 	0 	0 	0
0 	0 	0 	351
0 	0 	0 	1209
1334 	0 	1349 	1580
----------------------------
Label:		a_6-4
Pos. angle:	 151
Heading:	 0
Range:		 3740
Reading matrix: 
0 	0 	0 	230
0 	0 	0 	0
0 	0 	0 	0
0 	0 	0 	0
0 	0 	0 	403
0 	0 	0 	0
0 	0 	0 	351
0 	0 	0 	1183
1341 	0 	1375 	1573
----------------------------
Label:		a_6-5
Pos. angle:	 151
Heading:	 0
Range:		 3631
Reading matrix: 
0 	0 	0 	146
0 	0 	0 	0
0 	0 	0 	0
0 	0 	0 	0
0 	0 	0 	364
0 	0 	0 	0
0 	0 	0 	345
0 	0 	0 	1203
1301 	0 	1362 	1573
----------------------------
Label:		a_6-6
Pos. angle:	 151
Heading:	 0
Range:		 3685
Reading matrix: 
0 	0 	0 	141
0 	0 	0 	0
0 	0 	0 	0
0 	0 	0 	0
0 	0 	0 	430
0 	0 	0 	0
0 	0 	0 	331
0 	0 	0 	1203
1335 	0 	1349 	1580
----------------------------
Label:		a_6-7
Pos. angle:	 151
Heading:	 0
Range:		 3701
Reading matrix: 
0 	0 	0 	252
0 	0 	0 	0
0 	0 	0 	0
0 	0 	0 	0
0 	0 	0 	364
0 	0 	0 	0
0 	0 	0 	317
0 	0 	0 	1195
1321 	0 	1375 	1573
----------------------------
Label:		a_6-8
Pos. angle:	 150
Heading:	 -1
Range:		 3829
Reading matrix: 
0 	0 	0 	291
0 	0 	0 	0
0 	0 	0 	0
0 	0 	0 	0
0 	0 	0 	403
0 	0 	0 	0
0 	0 	0 	384
0 	0 	0 	1176
1276 	0 	1369 	1574
----------------------------
Label:		a_6-9
Pos. angle:	 150
Heading:	 0
Range:		 3714
Reading matrix: 
0 	0 	0 	120
0 	0 	0 	0
0 	0 	0 	0
0 	0 	0 	0
0 	0 	0 	495
0 	0 	0 	0
0 	0 	0 	344
0 	0 	0 	1182
1301 	0 	1362 	1573
----------------------------
Label:		a_6-10
Pos. angle:	 151
Heading:	 0
Range:		 3695
Reading matrix: 
0 	0 	0 	146
0 	0 	0 	0
0 	0 	0 	0
0 	0 	0 	0
0 	0 	0 	476
0 	0 	0 	0
0 	0 	0 	330
0 	0 	0 	1169
1315 	0 	1349 	1574
----------------------------
